(kicad_pcb (version 20171130) (host pcbnew "(5.1.4)-1")

  (general
    (thickness 1.6)
    (drawings 51)
    (tracks 493)
    (zones 0)
    (modules 21)
    (nets 26)
  )

  (page A4)
  (layers
    (0 F.Cu signal)
    (31 B.Cu signal)
    (34 B.Paste user hide)
    (35 F.Paste user hide)
    (36 B.SilkS user)
    (37 F.SilkS user)
    (38 B.Mask user hide)
    (39 F.Mask user hide)
    (40 Dwgs.User user hide)
    (41 Cmts.User user hide)
    (44 Edge.Cuts user)
    (45 Margin user hide)
    (46 B.CrtYd user hide)
    (47 F.CrtYd user hide)
    (48 B.Fab user hide)
    (49 F.Fab user hide)
  )

  (setup
    (last_trace_width 0.381)
    (user_trace_width 0.2032)
    (user_trace_width 0.381)
    (user_trace_width 0.635)
    (user_trace_width 0.762)
    (user_trace_width 0.889)
    (user_trace_width 1.016)
    (user_trace_width 1.143)
    (user_trace_width 1.27)
    (trace_clearance 0.2032)
    (zone_clearance 0.508)
    (zone_45_only yes)
    (trace_min 0.2032)
    (via_size 0.6604)
    (via_drill 0.3048)
    (via_min_size 0.6604)
    (via_min_drill 0.3048)
    (uvia_size 0.6096)
    (uvia_drill 0.3048)
    (uvias_allowed no)
    (uvia_min_size 0)
    (uvia_min_drill 0)
    (edge_width 0.1)
    (segment_width 0.2)
    (pcb_text_width 0.2)
    (pcb_text_size 1.25 1.25)
    (mod_edge_width 0.15)
    (mod_text_size 1 1)
    (mod_text_width 0.15)
    (pad_size 1.7 1.7)
    (pad_drill 1)
    (pad_to_mask_clearance 0.15)
    (solder_mask_min_width 0.4)
    (aux_axis_origin 12.502 54.50096)
    (grid_origin 45.002 28.00096)
    (visible_elements 7FFFFFFF)
    (pcbplotparams
      (layerselection 0x010f0_ffffffff)
      (usegerberextensions true)
      (usegerberattributes false)
      (usegerberadvancedattributes false)
      (creategerberjobfile false)
      (excludeedgelayer true)
      (linewidth 0.100000)
      (plotframeref false)
      (viasonmask false)
      (mode 1)
      (useauxorigin false)
      (hpglpennumber 1)
      (hpglpenspeed 20)
      (hpglpendiameter 15.000000)
      (psnegative false)
      (psa4output false)
      (plotreference true)
      (plotvalue false)
      (plotinvisibletext false)
      (padsonsilk false)
      (subtractmaskfromsilk false)
      (outputformat 1)
      (mirror false)
      (drillshape 0)
      (scaleselection 1)
      (outputdirectory "manufacturing/"))
  )

  (net 0 "")
  (net 1 /GPIO22)
  (net 2 /GPIO20)
  (net 3 /GPIO0)
  (net 4 /VCC)
  (net 5 /GND)
  (net 6 /SYNC)
  (net 7 /BLUE)
  (net 8 /GREEN)
  (net 9 /RED)
  (net 10 /BRED)
  (net 11 /BGREEN)
  (net 12 /BBLUE)
  (net 13 /VSYNC)
  (net 14 /VANALOG)
  (net 15 /ASYNC)
  (net 16 /ARED)
  (net 17 /AGREEN)
  (net 18 /ABLUE)
  (net 19 /REFSYNC)
  (net 20 /REFMONO)
  (net 21 /REF50)
  (net 22 /REF100)
  (net 23 "Net-(JP1-Pad2)")
  (net 24 "Net-(J5-Pad1)")
  (net 25 "Net-(J6-Pad1)")

  (net_class Default "This is the default net class."
    (clearance 0.2032)
    (trace_width 0.2032)
    (via_dia 0.6604)
    (via_drill 0.3048)
    (uvia_dia 0.6096)
    (uvia_drill 0.3048)
    (diff_pair_width 0.2032)
    (diff_pair_gap 0.25)
    (add_net /ABLUE)
    (add_net /AGREEN)
    (add_net /ARED)
    (add_net /ASYNC)
    (add_net /BBLUE)
    (add_net /BGREEN)
    (add_net /BLUE)
    (add_net /BRED)
    (add_net /GND)
    (add_net /GPIO0)
    (add_net /GPIO20)
    (add_net /GPIO22)
    (add_net /GREEN)
    (add_net /RED)
    (add_net /REF100)
    (add_net /REF50)
    (add_net /REFMONO)
    (add_net /REFSYNC)
    (add_net /SYNC)
    (add_net /VANALOG)
    (add_net /VCC)
    (add_net /VSYNC)
    (add_net "Net-(J5-Pad1)")
    (add_net "Net-(J6-Pad1)")
    (add_net "Net-(JP1-Pad2)")
  )

  (net_class Power ""
    (clearance 0.2032)
    (trace_width 0.381)
    (via_dia 0.762)
    (via_drill 0.381)
    (uvia_dia 0.6096)
    (uvia_drill 0.3048)
    (diff_pair_width 0.2032)
    (diff_pair_gap 0.25)
  )

  (module Connector_PinHeader_2.54mm:PinHeader_1x01_P2.54mm_Vertical (layer B.Cu) (tedit 59FED5CC) (tstamp 5DCB85A9)
    (at 76.0408 46.31436)
    (descr "Through hole straight pin header, 1x01, 2.54mm pitch, single row")
    (tags "Through hole pin header THT 1x01 2.54mm single row")
    (path /5DD07D72)
    (fp_text reference J6 (at -2.1844 0 90) (layer B.SilkS)
      (effects (font (size 1 1) (thickness 0.15)) (justify mirror))
    )
    (fp_text value Conn_01x01 (at 0 -2.33) (layer B.Fab)
      (effects (font (size 1 1) (thickness 0.15)) (justify mirror))
    )
    (fp_line (start -0.635 1.27) (end 1.27 1.27) (layer B.Fab) (width 0.1))
    (fp_line (start 1.27 1.27) (end 1.27 -1.27) (layer B.Fab) (width 0.1))
    (fp_line (start 1.27 -1.27) (end -1.27 -1.27) (layer B.Fab) (width 0.1))
    (fp_line (start -1.27 -1.27) (end -1.27 0.635) (layer B.Fab) (width 0.1))
    (fp_line (start -1.27 0.635) (end -0.635 1.27) (layer B.Fab) (width 0.1))
    (fp_line (start -1.33 -1.33) (end 1.33 -1.33) (layer B.SilkS) (width 0.12))
    (fp_line (start -1.33 -1.27) (end -1.33 -1.33) (layer B.SilkS) (width 0.12))
    (fp_line (start 1.33 -1.27) (end 1.33 -1.33) (layer B.SilkS) (width 0.12))
    (fp_line (start -1.33 -1.27) (end 1.33 -1.27) (layer B.SilkS) (width 0.12))
    (fp_line (start -1.33 0) (end -1.33 1.33) (layer B.SilkS) (width 0.12))
    (fp_line (start -1.33 1.33) (end 0 1.33) (layer B.SilkS) (width 0.12))
    (fp_line (start -1.8 1.8) (end -1.8 -1.8) (layer B.CrtYd) (width 0.05))
    (fp_line (start -1.8 -1.8) (end 1.8 -1.8) (layer B.CrtYd) (width 0.05))
    (fp_line (start 1.8 -1.8) (end 1.8 1.8) (layer B.CrtYd) (width 0.05))
    (fp_line (start 1.8 1.8) (end -1.8 1.8) (layer B.CrtYd) (width 0.05))
    (fp_text user %R (at 0 0 270) (layer B.Fab)
      (effects (font (size 1 1) (thickness 0.15)) (justify mirror))
    )
    (pad 1 thru_hole rect (at 0 0) (size 1.7 1.7) (drill 1) (layers *.Cu *.Mask)
      (net 25 "Net-(J6-Pad1)"))
    (model ${KISYS3DMOD}/Connector_PinHeader_2.54mm.3dshapes/PinHeader_1x01_P2.54mm_Vertical.wrl
      (at (xyz 0 0 0))
      (scale (xyz 1 1 1))
      (rotate (xyz 0 0 0))
    )
  )

  (module Connector_PinHeader_2.54mm:PinHeader_1x01_P2.54mm_Vertical (layer B.Cu) (tedit 59FED5CC) (tstamp 5DCB8595)
    (at 76.0408 35.18916)
    (descr "Through hole straight pin header, 1x01, 2.54mm pitch, single row")
    (tags "Through hole pin header THT 1x01 2.54mm single row")
    (path /5DD08736)
    (fp_text reference J5 (at -2.159 -0.1016 90) (layer B.SilkS)
      (effects (font (size 1 1) (thickness 0.15)) (justify mirror))
    )
    (fp_text value Conn_01x01 (at 0 -2.33) (layer B.Fab)
      (effects (font (size 1 1) (thickness 0.15)) (justify mirror))
    )
    (fp_line (start -0.635 1.27) (end 1.27 1.27) (layer B.Fab) (width 0.1))
    (fp_line (start 1.27 1.27) (end 1.27 -1.27) (layer B.Fab) (width 0.1))
    (fp_line (start 1.27 -1.27) (end -1.27 -1.27) (layer B.Fab) (width 0.1))
    (fp_line (start -1.27 -1.27) (end -1.27 0.635) (layer B.Fab) (width 0.1))
    (fp_line (start -1.27 0.635) (end -0.635 1.27) (layer B.Fab) (width 0.1))
    (fp_line (start -1.33 -1.33) (end 1.33 -1.33) (layer B.SilkS) (width 0.12))
    (fp_line (start -1.33 -1.27) (end -1.33 -1.33) (layer B.SilkS) (width 0.12))
    (fp_line (start 1.33 -1.27) (end 1.33 -1.33) (layer B.SilkS) (width 0.12))
    (fp_line (start -1.33 -1.27) (end 1.33 -1.27) (layer B.SilkS) (width 0.12))
    (fp_line (start -1.33 0) (end -1.33 1.33) (layer B.SilkS) (width 0.12))
    (fp_line (start -1.33 1.33) (end 0 1.33) (layer B.SilkS) (width 0.12))
    (fp_line (start -1.8 1.8) (end -1.8 -1.8) (layer B.CrtYd) (width 0.05))
    (fp_line (start -1.8 -1.8) (end 1.8 -1.8) (layer B.CrtYd) (width 0.05))
    (fp_line (start 1.8 -1.8) (end 1.8 1.8) (layer B.CrtYd) (width 0.05))
    (fp_line (start 1.8 1.8) (end -1.8 1.8) (layer B.CrtYd) (width 0.05))
    (fp_text user %R (at 0 0 270) (layer B.Fab)
      (effects (font (size 1 1) (thickness 0.15)) (justify mirror))
    )
    (pad 1 thru_hole rect (at 0 0) (size 1.7 1.7) (drill 1) (layers *.Cu *.Mask)
      (net 24 "Net-(J5-Pad1)"))
    (model ${KISYS3DMOD}/Connector_PinHeader_2.54mm.3dshapes/PinHeader_1x01_P2.54mm_Vertical.wrl
      (at (xyz 0 0 0))
      (scale (xyz 1 1 1))
      (rotate (xyz 0 0 0))
    )
  )

  (module Connector_Molex:Molex_PicoBlade_53048-0510_1x05_P1.25mm_Horizontal (layer F.Cu) (tedit 5B783024) (tstamp 5DC8CC82)
    (at 71.9768 43.24096 90)
    (descr "Molex PicoBlade Connector System, 53048-0510, 5 Pins per row (http://www.molex.com/pdm_docs/sd/530480210_sd.pdf), generated with kicad-footprint-generator")
    (tags "connector Molex PicoBlade top entry")
    (path /5DC7AFF6)
    (fp_text reference J2 (at 2.4638 -1.8034) (layer F.SilkS)
      (effects (font (size 1 1) (thickness 0.15)))
    )
    (fp_text value Conn_01x05 (at 2.5 5.65 90) (layer F.Fab)
      (effects (font (size 1 1) (thickness 0.15)))
    )
    (fp_line (start -0.25 -1.15) (end -0.25 -1.45) (layer F.SilkS) (width 0.12))
    (fp_line (start -0.25 -1.45) (end -0.75 -1.45) (layer F.SilkS) (width 0.12))
    (fp_line (start -0.5 -0.75) (end 0 -0.042893) (layer F.Fab) (width 0.1))
    (fp_line (start 0 -0.042893) (end 0.5 -0.75) (layer F.Fab) (width 0.1))
    (fp_line (start 2.5 -1.25) (end -0.15 -1.25) (layer F.CrtYd) (width 0.05))
    (fp_line (start -0.15 -1.25) (end -0.15 -1.55) (layer F.CrtYd) (width 0.05))
    (fp_line (start -0.15 -1.55) (end -2 -1.55) (layer F.CrtYd) (width 0.05))
    (fp_line (start -2 -1.55) (end -2 4.95) (layer F.CrtYd) (width 0.05))
    (fp_line (start -2 4.95) (end 2.5 4.95) (layer F.CrtYd) (width 0.05))
    (fp_line (start 2.5 -1.25) (end 5.15 -1.25) (layer F.CrtYd) (width 0.05))
    (fp_line (start 5.15 -1.25) (end 5.15 -1.55) (layer F.CrtYd) (width 0.05))
    (fp_line (start 5.15 -1.55) (end 7 -1.55) (layer F.CrtYd) (width 0.05))
    (fp_line (start 7 -1.55) (end 7 4.95) (layer F.CrtYd) (width 0.05))
    (fp_line (start 7 4.95) (end 2.5 4.95) (layer F.CrtYd) (width 0.05))
    (fp_line (start 2.5 -0.75) (end -0.65 -0.75) (layer F.Fab) (width 0.1))
    (fp_line (start -0.65 -0.75) (end -0.65 -1.05) (layer F.Fab) (width 0.1))
    (fp_line (start -0.65 -1.05) (end -1.5 -1.05) (layer F.Fab) (width 0.1))
    (fp_line (start -1.5 -1.05) (end -1.5 4.45) (layer F.Fab) (width 0.1))
    (fp_line (start -1.5 4.45) (end 2.5 4.45) (layer F.Fab) (width 0.1))
    (fp_line (start 2.5 -0.75) (end 5.65 -0.75) (layer F.Fab) (width 0.1))
    (fp_line (start 5.65 -0.75) (end 5.65 -1.05) (layer F.Fab) (width 0.1))
    (fp_line (start 5.65 -1.05) (end 6.5 -1.05) (layer F.Fab) (width 0.1))
    (fp_line (start 6.5 -1.05) (end 6.5 4.45) (layer F.Fab) (width 0.1))
    (fp_line (start 6.5 4.45) (end 2.5 4.45) (layer F.Fab) (width 0.1))
    (fp_line (start 2.5 -0.86) (end -0.54 -0.86) (layer F.SilkS) (width 0.12))
    (fp_line (start -0.54 -0.86) (end -0.54 -1.16) (layer F.SilkS) (width 0.12))
    (fp_line (start -0.54 -1.16) (end -1.61 -1.16) (layer F.SilkS) (width 0.12))
    (fp_line (start -1.61 -1.16) (end -1.61 4.56) (layer F.SilkS) (width 0.12))
    (fp_line (start -1.61 4.56) (end 2.5 4.56) (layer F.SilkS) (width 0.12))
    (fp_line (start 2.5 -0.86) (end 5.54 -0.86) (layer F.SilkS) (width 0.12))
    (fp_line (start 5.54 -0.86) (end 5.54 -1.16) (layer F.SilkS) (width 0.12))
    (fp_line (start 5.54 -1.16) (end 6.61 -1.16) (layer F.SilkS) (width 0.12))
    (fp_line (start 6.61 -1.16) (end 6.61 4.56) (layer F.SilkS) (width 0.12))
    (fp_line (start 6.61 4.56) (end 2.5 4.56) (layer F.SilkS) (width 0.12))
    (fp_text user %R (at 2.5 3.75 90) (layer F.Fab)
      (effects (font (size 1 1) (thickness 0.15)))
    )
    (pad 1 thru_hole roundrect (at 0 0 90) (size 0.8 1.3) (drill 0.5) (layers *.Cu *.Mask) (roundrect_rratio 0.25)
      (net 5 /GND))
    (pad 2 thru_hole oval (at 1.25 0 90) (size 0.8 1.3) (drill 0.5) (layers *.Cu *.Mask)
      (net 15 /ASYNC))
    (pad 3 thru_hole oval (at 2.5 0 90) (size 0.8 1.3) (drill 0.5) (layers *.Cu *.Mask)
      (net 16 /ARED))
    (pad 4 thru_hole oval (at 3.75 0 90) (size 0.8 1.3) (drill 0.5) (layers *.Cu *.Mask)
      (net 17 /AGREEN))
    (pad 5 thru_hole oval (at 5 0 90) (size 0.8 1.3) (drill 0.5) (layers *.Cu *.Mask)
      (net 18 /ABLUE))
    (model ${KISYS3DMOD}/Connector_Molex.3dshapes/Molex_PicoBlade_53048-0510_1x05_P1.25mm_Horizontal.wrl
      (at (xyz 0 0 0))
      (scale (xyz 1 1 1))
      (rotate (xyz 0 0 0))
    )
  )

  (module Connector_PinHeader_2.54mm:PinHeader_1x02_P2.54mm_Vertical (layer F.Cu) (tedit 59FED5CC) (tstamp 5DCB09B9)
    (at 74.9232 42.02176 180)
    (descr "Through hole straight pin header, 1x02, 2.54mm pitch, single row")
    (tags "Through hole pin header THT 1x02 2.54mm single row")
    (path /5DD175CA)
    (attr virtual)
    (fp_text reference J4 (at -0.0508 -2.1336) (layer F.SilkS)
      (effects (font (size 1 1) (thickness 0.15)))
    )
    (fp_text value Conn_01x02 (at 0 4.87) (layer F.Fab)
      (effects (font (size 1 1) (thickness 0.15)))
    )
    (fp_line (start -0.635 -1.27) (end 1.27 -1.27) (layer F.Fab) (width 0.1))
    (fp_line (start 1.27 -1.27) (end 1.27 3.81) (layer F.Fab) (width 0.1))
    (fp_line (start 1.27 3.81) (end -1.27 3.81) (layer F.Fab) (width 0.1))
    (fp_line (start -1.27 3.81) (end -1.27 -0.635) (layer F.Fab) (width 0.1))
    (fp_line (start -1.27 -0.635) (end -0.635 -1.27) (layer F.Fab) (width 0.1))
    (fp_line (start -1.33 3.87) (end 1.33 3.87) (layer F.SilkS) (width 0.12))
    (fp_line (start -1.33 1.27) (end -1.33 3.87) (layer F.SilkS) (width 0.12))
    (fp_line (start 1.33 1.27) (end 1.33 3.87) (layer F.SilkS) (width 0.12))
    (fp_line (start -1.33 1.27) (end 1.33 1.27) (layer F.SilkS) (width 0.12))
    (fp_line (start -1.33 0) (end -1.33 -1.33) (layer F.SilkS) (width 0.12))
    (fp_line (start -1.33 -1.33) (end 0 -1.33) (layer F.SilkS) (width 0.12))
    (fp_line (start -1.8 -1.8) (end -1.8 4.35) (layer F.CrtYd) (width 0.05))
    (fp_line (start -1.8 4.35) (end 1.8 4.35) (layer F.CrtYd) (width 0.05))
    (fp_line (start 1.8 4.35) (end 1.8 -1.8) (layer F.CrtYd) (width 0.05))
    (fp_line (start 1.8 -1.8) (end -1.8 -1.8) (layer F.CrtYd) (width 0.05))
    (fp_text user %R (at 0 1.27 90) (layer F.Fab)
      (effects (font (size 1 1) (thickness 0.15)))
    )
    (pad 1 thru_hole rect (at 0 0 180) (size 1.7 1.7) (drill 1) (layers *.Cu *.Mask)
      (net 5 /GND))
    (pad 2 thru_hole oval (at 0 2.54 180) (size 1.7 1.7) (drill 1) (layers *.Cu *.Mask)
      (net 15 /ASYNC))
    (model ${KISYS3DMOD}/Connector_PinHeader_2.54mm.3dshapes/PinHeader_1x02_P2.54mm_Vertical.wrl
      (at (xyz 0 0 0))
      (scale (xyz 1 1 1))
      (rotate (xyz 0 0 0))
    )
  )

  (module Capacitor_SMD:C_0805_2012Metric_Pad1.15x1.40mm_HandSolder (layer F.Cu) (tedit 5B36C52B) (tstamp 5DC8CC1D)
    (at 67.4302 47.33036)
    (descr "Capacitor SMD 0805 (2012 Metric), square (rectangular) end terminal, IPC_7351 nominal with elongated pad for handsoldering. (Body size source: https://docs.google.com/spreadsheets/d/1BsfQQcO9C6DZCsRaXUlFlo91Tg2WpOkGARC1WS5S8t0/edit?usp=sharing), generated with kicad-footprint-generator")
    (tags "capacitor handsolder")
    (path /5DCAB08B)
    (attr smd)
    (fp_text reference C3 (at -2.7432 0.0508) (layer F.SilkS)
      (effects (font (size 1 1) (thickness 0.15)))
    )
    (fp_text value 100n (at 0 1.65) (layer F.Fab)
      (effects (font (size 1 1) (thickness 0.15)))
    )
    (fp_line (start -1 0.6) (end -1 -0.6) (layer F.Fab) (width 0.1))
    (fp_line (start -1 -0.6) (end 1 -0.6) (layer F.Fab) (width 0.1))
    (fp_line (start 1 -0.6) (end 1 0.6) (layer F.Fab) (width 0.1))
    (fp_line (start 1 0.6) (end -1 0.6) (layer F.Fab) (width 0.1))
    (fp_line (start -0.261252 -0.71) (end 0.261252 -0.71) (layer F.SilkS) (width 0.12))
    (fp_line (start -0.261252 0.71) (end 0.261252 0.71) (layer F.SilkS) (width 0.12))
    (fp_line (start -1.85 0.95) (end -1.85 -0.95) (layer F.CrtYd) (width 0.05))
    (fp_line (start -1.85 -0.95) (end 1.85 -0.95) (layer F.CrtYd) (width 0.05))
    (fp_line (start 1.85 -0.95) (end 1.85 0.95) (layer F.CrtYd) (width 0.05))
    (fp_line (start 1.85 0.95) (end -1.85 0.95) (layer F.CrtYd) (width 0.05))
    (fp_text user %R (at 0 0) (layer F.Fab)
      (effects (font (size 0.5 0.5) (thickness 0.08)))
    )
    (pad 1 smd roundrect (at -1.025 0) (size 1.15 1.4) (layers F.Cu F.Paste F.Mask) (roundrect_rratio 0.217391)
      (net 4 /VCC))
    (pad 2 smd roundrect (at 1.025 0) (size 1.15 1.4) (layers F.Cu F.Paste F.Mask) (roundrect_rratio 0.217391)
      (net 5 /GND))
    (model ${KISYS3DMOD}/Capacitor_SMD.3dshapes/C_0805_2012Metric.wrl
      (at (xyz 0 0 0))
      (scale (xyz 1 1 1))
      (rotate (xyz 0 0 0))
    )
  )

  (module Package_TO_SOT_SMD:SOT-89-3 (layer F.Cu) (tedit 5A02FF57) (tstamp 5DC8CD68)
    (at 36.8994 50.35296 180)
    (descr SOT-89-3)
    (tags SOT-89-3)
    (path /5DCA49B4)
    (attr smd)
    (fp_text reference U4 (at 3.7846 -1.8796) (layer F.SilkS)
      (effects (font (size 1 1) (thickness 0.15)))
    )
    (fp_text value MCP1754-3302E_SOT89 (at 0.45 3.25) (layer F.Fab)
      (effects (font (size 1 1) (thickness 0.15)))
    )
    (fp_text user %R (at 0.38 0 90) (layer F.Fab)
      (effects (font (size 0.6 0.6) (thickness 0.09)))
    )
    (fp_line (start 1.78 1.2) (end 1.78 2.4) (layer F.SilkS) (width 0.12))
    (fp_line (start 1.78 2.4) (end -0.92 2.4) (layer F.SilkS) (width 0.12))
    (fp_line (start -2.22 -2.4) (end 1.78 -2.4) (layer F.SilkS) (width 0.12))
    (fp_line (start 1.78 -2.4) (end 1.78 -1.2) (layer F.SilkS) (width 0.12))
    (fp_line (start -0.92 -1.51) (end -0.13 -2.3) (layer F.Fab) (width 0.1))
    (fp_line (start 1.68 -2.3) (end 1.68 2.3) (layer F.Fab) (width 0.1))
    (fp_line (start 1.68 2.3) (end -0.92 2.3) (layer F.Fab) (width 0.1))
    (fp_line (start -0.92 2.3) (end -0.92 -1.51) (layer F.Fab) (width 0.1))
    (fp_line (start -0.13 -2.3) (end 1.68 -2.3) (layer F.Fab) (width 0.1))
    (fp_line (start 3.23 -2.55) (end 3.23 2.55) (layer F.CrtYd) (width 0.05))
    (fp_line (start 3.23 -2.55) (end -2.48 -2.55) (layer F.CrtYd) (width 0.05))
    (fp_line (start -2.48 2.55) (end 3.23 2.55) (layer F.CrtYd) (width 0.05))
    (fp_line (start -2.48 2.55) (end -2.48 -2.55) (layer F.CrtYd) (width 0.05))
    (pad 2 smd trapezoid (at 2.667 0 90) (size 1.6 0.85) (rect_delta 0 0.6 ) (layers F.Cu F.Paste F.Mask)
      (net 5 /GND))
    (pad 1 smd rect (at -1.48 -1.5 90) (size 1 1.5) (layers F.Cu F.Paste F.Mask)
      (net 4 /VCC))
    (pad 2 smd rect (at -1.3335 0 90) (size 1 1.8) (layers F.Cu F.Paste F.Mask)
      (net 5 /GND))
    (pad 3 smd rect (at -1.48 1.5 90) (size 1 1.5) (layers F.Cu F.Paste F.Mask)
      (net 14 /VANALOG))
    (pad 2 smd rect (at 1.3335 0 90) (size 2.2 1.84) (layers F.Cu F.Paste F.Mask)
      (net 5 /GND))
    (pad 2 smd trapezoid (at -0.0762 0 270) (size 1.5 1) (rect_delta 0 0.7 ) (layers F.Cu F.Paste F.Mask)
      (net 5 /GND))
    (model ${KISYS3DMOD}/Package_TO_SOT_SMD.3dshapes/SOT-89-3.wrl
      (at (xyz 0 0 0))
      (scale (xyz 1 1 1))
      (rotate (xyz 0 0 0))
    )
  )

  (module Capacitor_SMD:C_0805_2012Metric_Pad1.15x1.40mm_HandSolder (layer F.Cu) (tedit 5B36C52B) (tstamp 5DCA2A4C)
    (at 31.5908 47.45736)
    (descr "Capacitor SMD 0805 (2012 Metric), square (rectangular) end terminal, IPC_7351 nominal with elongated pad for handsoldering. (Body size source: https://docs.google.com/spreadsheets/d/1BsfQQcO9C6DZCsRaXUlFlo91Tg2WpOkGARC1WS5S8t0/edit?usp=sharing), generated with kicad-footprint-generator")
    (tags "capacitor handsolder")
    (path /5DCE58C4)
    (attr smd)
    (fp_text reference C1 (at -0.0762 1.8034) (layer F.SilkS)
      (effects (font (size 1 1) (thickness 0.15)))
    )
    (fp_text value 10uF (at 0 1.65) (layer F.Fab)
      (effects (font (size 1 1) (thickness 0.15)))
    )
    (fp_text user %R (at 0 0) (layer F.Fab)
      (effects (font (size 0.5 0.5) (thickness 0.08)))
    )
    (fp_line (start 1.85 0.95) (end -1.85 0.95) (layer F.CrtYd) (width 0.05))
    (fp_line (start 1.85 -0.95) (end 1.85 0.95) (layer F.CrtYd) (width 0.05))
    (fp_line (start -1.85 -0.95) (end 1.85 -0.95) (layer F.CrtYd) (width 0.05))
    (fp_line (start -1.85 0.95) (end -1.85 -0.95) (layer F.CrtYd) (width 0.05))
    (fp_line (start -0.261252 0.71) (end 0.261252 0.71) (layer F.SilkS) (width 0.12))
    (fp_line (start -0.261252 -0.71) (end 0.261252 -0.71) (layer F.SilkS) (width 0.12))
    (fp_line (start 1 0.6) (end -1 0.6) (layer F.Fab) (width 0.1))
    (fp_line (start 1 -0.6) (end 1 0.6) (layer F.Fab) (width 0.1))
    (fp_line (start -1 -0.6) (end 1 -0.6) (layer F.Fab) (width 0.1))
    (fp_line (start -1 0.6) (end -1 -0.6) (layer F.Fab) (width 0.1))
    (pad 2 smd roundrect (at 1.025 0) (size 1.15 1.4) (layers F.Cu F.Paste F.Mask) (roundrect_rratio 0.217391)
      (net 5 /GND))
    (pad 1 smd roundrect (at -1.025 0) (size 1.15 1.4) (layers F.Cu F.Paste F.Mask) (roundrect_rratio 0.217391)
      (net 4 /VCC))
    (model ${KISYS3DMOD}/Capacitor_SMD.3dshapes/C_0805_2012Metric.wrl
      (at (xyz 0 0 0))
      (scale (xyz 1 1 1))
      (rotate (xyz 0 0 0))
    )
  )

  (module Capacitor_SMD:C_0805_2012Metric_Pad1.15x1.40mm_HandSolder (layer F.Cu) (tedit 5B36C52B) (tstamp 5DC8CC2E)
    (at 40.938 52.35956 90)
    (descr "Capacitor SMD 0805 (2012 Metric), square (rectangular) end terminal, IPC_7351 nominal with elongated pad for handsoldering. (Body size source: https://docs.google.com/spreadsheets/d/1BsfQQcO9C6DZCsRaXUlFlo91Tg2WpOkGARC1WS5S8t0/edit?usp=sharing), generated with kicad-footprint-generator")
    (tags "capacitor handsolder")
    (path /5DCABD73)
    (attr smd)
    (fp_text reference C4 (at -1.143 -2.1082) (layer F.SilkS)
      (effects (font (size 1 1) (thickness 0.15)))
    )
    (fp_text value 100n (at 0 1.65 90) (layer F.Fab)
      (effects (font (size 1 1) (thickness 0.15)))
    )
    (fp_text user %R (at 0 0 90) (layer F.Fab)
      (effects (font (size 0.5 0.5) (thickness 0.08)))
    )
    (fp_line (start 1.85 0.95) (end -1.85 0.95) (layer F.CrtYd) (width 0.05))
    (fp_line (start 1.85 -0.95) (end 1.85 0.95) (layer F.CrtYd) (width 0.05))
    (fp_line (start -1.85 -0.95) (end 1.85 -0.95) (layer F.CrtYd) (width 0.05))
    (fp_line (start -1.85 0.95) (end -1.85 -0.95) (layer F.CrtYd) (width 0.05))
    (fp_line (start -0.261252 0.71) (end 0.261252 0.71) (layer F.SilkS) (width 0.12))
    (fp_line (start -0.261252 -0.71) (end 0.261252 -0.71) (layer F.SilkS) (width 0.12))
    (fp_line (start 1 0.6) (end -1 0.6) (layer F.Fab) (width 0.1))
    (fp_line (start 1 -0.6) (end 1 0.6) (layer F.Fab) (width 0.1))
    (fp_line (start -1 -0.6) (end 1 -0.6) (layer F.Fab) (width 0.1))
    (fp_line (start -1 0.6) (end -1 -0.6) (layer F.Fab) (width 0.1))
    (pad 2 smd roundrect (at 1.025 0 90) (size 1.15 1.4) (layers F.Cu F.Paste F.Mask) (roundrect_rratio 0.217391)
      (net 5 /GND))
    (pad 1 smd roundrect (at -1.025 0 90) (size 1.15 1.4) (layers F.Cu F.Paste F.Mask) (roundrect_rratio 0.217391)
      (net 4 /VCC))
    (model ${KISYS3DMOD}/Capacitor_SMD.3dshapes/C_0805_2012Metric.wrl
      (at (xyz 0 0 0))
      (scale (xyz 1 1 1))
      (rotate (xyz 0 0 0))
    )
  )

  (module Capacitor_SMD:C_0805_2012Metric_Pad1.15x1.40mm_HandSolder (layer F.Cu) (tedit 5B36C52B) (tstamp 5DC8CC3F)
    (at 40.938 48.34636 270)
    (descr "Capacitor SMD 0805 (2012 Metric), square (rectangular) end terminal, IPC_7351 nominal with elongated pad for handsoldering. (Body size source: https://docs.google.com/spreadsheets/d/1BsfQQcO9C6DZCsRaXUlFlo91Tg2WpOkGARC1WS5S8t0/edit?usp=sharing), generated with kicad-footprint-generator")
    (tags "capacitor handsolder")
    (path /5DD09882)
    (attr smd)
    (fp_text reference C5 (at -1.0414 1.9304) (layer F.SilkS)
      (effects (font (size 1 1) (thickness 0.15)))
    )
    (fp_text value 100n (at 0 1.65 90) (layer F.Fab)
      (effects (font (size 1 1) (thickness 0.15)))
    )
    (fp_line (start -1 0.6) (end -1 -0.6) (layer F.Fab) (width 0.1))
    (fp_line (start -1 -0.6) (end 1 -0.6) (layer F.Fab) (width 0.1))
    (fp_line (start 1 -0.6) (end 1 0.6) (layer F.Fab) (width 0.1))
    (fp_line (start 1 0.6) (end -1 0.6) (layer F.Fab) (width 0.1))
    (fp_line (start -0.261252 -0.71) (end 0.261252 -0.71) (layer F.SilkS) (width 0.12))
    (fp_line (start -0.261252 0.71) (end 0.261252 0.71) (layer F.SilkS) (width 0.12))
    (fp_line (start -1.85 0.95) (end -1.85 -0.95) (layer F.CrtYd) (width 0.05))
    (fp_line (start -1.85 -0.95) (end 1.85 -0.95) (layer F.CrtYd) (width 0.05))
    (fp_line (start 1.85 -0.95) (end 1.85 0.95) (layer F.CrtYd) (width 0.05))
    (fp_line (start 1.85 0.95) (end -1.85 0.95) (layer F.CrtYd) (width 0.05))
    (fp_text user %R (at 0 0 90) (layer F.Fab)
      (effects (font (size 0.5 0.5) (thickness 0.08)))
    )
    (pad 1 smd roundrect (at -1.025 0 270) (size 1.15 1.4) (layers F.Cu F.Paste F.Mask) (roundrect_rratio 0.217391)
      (net 14 /VANALOG))
    (pad 2 smd roundrect (at 1.025 0 270) (size 1.15 1.4) (layers F.Cu F.Paste F.Mask) (roundrect_rratio 0.217391)
      (net 5 /GND))
    (model ${KISYS3DMOD}/Capacitor_SMD.3dshapes/C_0805_2012Metric.wrl
      (at (xyz 0 0 0))
      (scale (xyz 1 1 1))
      (rotate (xyz 0 0 0))
    )
  )

  (module Resistor_SMD:R_0805_2012Metric_Pad1.15x1.40mm_HandSolder (layer F.Cu) (tedit 5B36C52B) (tstamp 5DC8E477)
    (at 66.0078 51.26736 90)
    (descr "Resistor SMD 0805 (2012 Metric), square (rectangular) end terminal, IPC_7351 nominal with elongated pad for handsoldering. (Body size source: https://docs.google.com/spreadsheets/d/1BsfQQcO9C6DZCsRaXUlFlo91Tg2WpOkGARC1WS5S8t0/edit?usp=sharing), generated with kicad-footprint-generator")
    (tags "resistor handsolder")
    (path /5DCA386F)
    (attr smd)
    (fp_text reference R1 (at -2.3368 -0.1016) (layer F.SilkS)
      (effects (font (size 1 1) (thickness 0.15)))
    )
    (fp_text value 75R (at 0 1.65 90) (layer F.Fab)
      (effects (font (size 1 1) (thickness 0.15)))
    )
    (fp_line (start -1 0.6) (end -1 -0.6) (layer F.Fab) (width 0.1))
    (fp_line (start -1 -0.6) (end 1 -0.6) (layer F.Fab) (width 0.1))
    (fp_line (start 1 -0.6) (end 1 0.6) (layer F.Fab) (width 0.1))
    (fp_line (start 1 0.6) (end -1 0.6) (layer F.Fab) (width 0.1))
    (fp_line (start -0.261252 -0.71) (end 0.261252 -0.71) (layer F.SilkS) (width 0.12))
    (fp_line (start -0.261252 0.71) (end 0.261252 0.71) (layer F.SilkS) (width 0.12))
    (fp_line (start -1.85 0.95) (end -1.85 -0.95) (layer F.CrtYd) (width 0.05))
    (fp_line (start -1.85 -0.95) (end 1.85 -0.95) (layer F.CrtYd) (width 0.05))
    (fp_line (start 1.85 -0.95) (end 1.85 0.95) (layer F.CrtYd) (width 0.05))
    (fp_line (start 1.85 0.95) (end -1.85 0.95) (layer F.CrtYd) (width 0.05))
    (fp_text user %R (at 0 0 90) (layer F.Fab)
      (effects (font (size 0.5 0.5) (thickness 0.08)))
    )
    (pad 1 smd roundrect (at -1.025 0 90) (size 1.15 1.4) (layers F.Cu F.Paste F.Mask) (roundrect_rratio 0.217391)
      (net 23 "Net-(JP1-Pad2)"))
    (pad 2 smd roundrect (at 1.025 0 90) (size 1.15 1.4) (layers F.Cu F.Paste F.Mask) (roundrect_rratio 0.217391)
      (net 5 /GND))
    (model ${KISYS3DMOD}/Resistor_SMD.3dshapes/R_0805_2012Metric.wrl
      (at (xyz 0 0 0))
      (scale (xyz 1 1 1))
      (rotate (xyz 0 0 0))
    )
  )

  (module Package_SO:SOIC-16_3.9x9.9mm_P1.27mm (layer F.Cu) (tedit 5C97300E) (tstamp 5DC905E8)
    (at 60.5722 39.98976)
    (descr "SOIC, 16 Pin (JEDEC MS-012AC, https://www.analog.com/media/en/package-pcb-resources/package/pkg_pdf/soic_narrow-r/r_16.pdf), generated with kicad-footprint-generator ipc_gullwing_generator.py")
    (tags "SOIC SO")
    (path /5DB24975)
    (attr smd)
    (fp_text reference U2 (at -2.4892 -6.6294) (layer F.SilkS)
      (effects (font (size 1 1) (thickness 0.15)))
    )
    (fp_text value MAX9201 (at 0 5.9) (layer F.Fab)
      (effects (font (size 1 1) (thickness 0.15)))
    )
    (fp_line (start 0 5.06) (end 1.95 5.06) (layer F.SilkS) (width 0.12))
    (fp_line (start 0 5.06) (end -1.95 5.06) (layer F.SilkS) (width 0.12))
    (fp_line (start 0 -5.06) (end 1.95 -5.06) (layer F.SilkS) (width 0.12))
    (fp_line (start 0 -5.06) (end -3.45 -5.06) (layer F.SilkS) (width 0.12))
    (fp_line (start -0.975 -4.95) (end 1.95 -4.95) (layer F.Fab) (width 0.1))
    (fp_line (start 1.95 -4.95) (end 1.95 4.95) (layer F.Fab) (width 0.1))
    (fp_line (start 1.95 4.95) (end -1.95 4.95) (layer F.Fab) (width 0.1))
    (fp_line (start -1.95 4.95) (end -1.95 -3.975) (layer F.Fab) (width 0.1))
    (fp_line (start -1.95 -3.975) (end -0.975 -4.95) (layer F.Fab) (width 0.1))
    (fp_line (start -3.7 -5.2) (end -3.7 5.2) (layer F.CrtYd) (width 0.05))
    (fp_line (start -3.7 5.2) (end 3.7 5.2) (layer F.CrtYd) (width 0.05))
    (fp_line (start 3.7 5.2) (end 3.7 -5.2) (layer F.CrtYd) (width 0.05))
    (fp_line (start 3.7 -5.2) (end -3.7 -5.2) (layer F.CrtYd) (width 0.05))
    (fp_text user %R (at 0 0) (layer F.Fab)
      (effects (font (size 0.98 0.98) (thickness 0.15)))
    )
    (pad 1 smd roundrect (at -2.475 -4.445) (size 1.95 0.6) (layers F.Cu F.Paste F.Mask) (roundrect_rratio 0.25)
      (net 22 /REF100))
    (pad 2 smd roundrect (at -2.475 -3.175) (size 1.95 0.6) (layers F.Cu F.Paste F.Mask) (roundrect_rratio 0.25)
      (net 16 /ARED))
    (pad 3 smd roundrect (at -2.475 -1.905) (size 1.95 0.6) (layers F.Cu F.Paste F.Mask) (roundrect_rratio 0.25)
      (net 5 /GND))
    (pad 4 smd roundrect (at -2.475 -0.635) (size 1.95 0.6) (layers F.Cu F.Paste F.Mask) (roundrect_rratio 0.25)
      (net 9 /RED))
    (pad 5 smd roundrect (at -2.475 0.635) (size 1.95 0.6) (layers F.Cu F.Paste F.Mask) (roundrect_rratio 0.25)
      (net 10 /BRED))
    (pad 6 smd roundrect (at -2.475 1.905) (size 1.95 0.6) (layers F.Cu F.Paste F.Mask) (roundrect_rratio 0.25)
      (net 5 /GND))
    (pad 7 smd roundrect (at -2.475 3.175) (size 1.95 0.6) (layers F.Cu F.Paste F.Mask) (roundrect_rratio 0.25)
      (net 16 /ARED))
    (pad 8 smd roundrect (at -2.475 4.445) (size 1.95 0.6) (layers F.Cu F.Paste F.Mask) (roundrect_rratio 0.25)
      (net 21 /REF50))
    (pad 9 smd roundrect (at 2.475 4.445) (size 1.95 0.6) (layers F.Cu F.Paste F.Mask) (roundrect_rratio 0.25)
      (net 21 /REF50))
    (pad 10 smd roundrect (at 2.475 3.175) (size 1.95 0.6) (layers F.Cu F.Paste F.Mask) (roundrect_rratio 0.25)
      (net 17 /AGREEN))
    (pad 11 smd roundrect (at 2.475 1.905) (size 1.95 0.6) (layers F.Cu F.Paste F.Mask) (roundrect_rratio 0.25)
      (net 4 /VCC))
    (pad 12 smd roundrect (at 2.475 0.635) (size 1.95 0.6) (layers F.Cu F.Paste F.Mask) (roundrect_rratio 0.25)
      (net 11 /BGREEN))
    (pad 13 smd roundrect (at 2.475 -0.635) (size 1.95 0.6) (layers F.Cu F.Paste F.Mask) (roundrect_rratio 0.25)
      (net 12 /BBLUE))
    (pad 14 smd roundrect (at 2.475 -1.905) (size 1.95 0.6) (layers F.Cu F.Paste F.Mask) (roundrect_rratio 0.25)
      (net 4 /VCC))
    (pad 15 smd roundrect (at 2.475 -3.175) (size 1.95 0.6) (layers F.Cu F.Paste F.Mask) (roundrect_rratio 0.25)
      (net 18 /ABLUE))
    (pad 16 smd roundrect (at 2.475 -4.445) (size 1.95 0.6) (layers F.Cu F.Paste F.Mask) (roundrect_rratio 0.25)
      (net 21 /REF50))
    (model ${KISYS3DMOD}/Package_SO.3dshapes/SOIC-16_3.9x9.9mm_P1.27mm.wrl
      (at (xyz 0 0 0))
      (scale (xyz 1 1 1))
      (rotate (xyz 0 0 0))
    )
  )

  (module Resistor_SMD:R_0805_2012Metric_Pad1.15x1.40mm_HandSolder (layer F.Cu) (tedit 5B36C52B) (tstamp 5DC8E499)
    (at 73.0018 35.26536)
    (descr "Resistor SMD 0805 (2012 Metric), square (rectangular) end terminal, IPC_7351 nominal with elongated pad for handsoldering. (Body size source: https://docs.google.com/spreadsheets/d/1BsfQQcO9C6DZCsRaXUlFlo91Tg2WpOkGARC1WS5S8t0/edit?usp=sharing), generated with kicad-footprint-generator")
    (tags "resistor handsolder")
    (path /5DCA4C29)
    (attr smd)
    (fp_text reference R3 (at -2.3622 0.0254 90) (layer F.SilkS)
      (effects (font (size 1 1) (thickness 0.15)))
    )
    (fp_text value 75R (at 0 1.65) (layer F.Fab)
      (effects (font (size 1 1) (thickness 0.15)))
    )
    (fp_line (start -1 0.6) (end -1 -0.6) (layer F.Fab) (width 0.1))
    (fp_line (start -1 -0.6) (end 1 -0.6) (layer F.Fab) (width 0.1))
    (fp_line (start 1 -0.6) (end 1 0.6) (layer F.Fab) (width 0.1))
    (fp_line (start 1 0.6) (end -1 0.6) (layer F.Fab) (width 0.1))
    (fp_line (start -0.261252 -0.71) (end 0.261252 -0.71) (layer F.SilkS) (width 0.12))
    (fp_line (start -0.261252 0.71) (end 0.261252 0.71) (layer F.SilkS) (width 0.12))
    (fp_line (start -1.85 0.95) (end -1.85 -0.95) (layer F.CrtYd) (width 0.05))
    (fp_line (start -1.85 -0.95) (end 1.85 -0.95) (layer F.CrtYd) (width 0.05))
    (fp_line (start 1.85 -0.95) (end 1.85 0.95) (layer F.CrtYd) (width 0.05))
    (fp_line (start 1.85 0.95) (end -1.85 0.95) (layer F.CrtYd) (width 0.05))
    (fp_text user %R (at 0 0) (layer F.Fab)
      (effects (font (size 0.5 0.5) (thickness 0.08)))
    )
    (pad 1 smd roundrect (at -1.025 0) (size 1.15 1.4) (layers F.Cu F.Paste F.Mask) (roundrect_rratio 0.217391)
      (net 17 /AGREEN))
    (pad 2 smd roundrect (at 1.025 0) (size 1.15 1.4) (layers F.Cu F.Paste F.Mask) (roundrect_rratio 0.217391)
      (net 5 /GND))
    (model ${KISYS3DMOD}/Resistor_SMD.3dshapes/R_0805_2012Metric.wrl
      (at (xyz 0 0 0))
      (scale (xyz 1 1 1))
      (rotate (xyz 0 0 0))
    )
  )

  (module Capacitor_SMD:C_0805_2012Metric_Pad1.15x1.40mm_HandSolder (layer F.Cu) (tedit 5B36C52B) (tstamp 5DC8CC0C)
    (at 54.908 34.75736 270)
    (descr "Capacitor SMD 0805 (2012 Metric), square (rectangular) end terminal, IPC_7351 nominal with elongated pad for handsoldering. (Body size source: https://docs.google.com/spreadsheets/d/1BsfQQcO9C6DZCsRaXUlFlo91Tg2WpOkGARC1WS5S8t0/edit?usp=sharing), generated with kicad-footprint-generator")
    (tags "capacitor handsolder")
    (path /5DCE4EBF)
    (attr smd)
    (fp_text reference C2 (at -2.4982 0.1016) (layer F.SilkS)
      (effects (font (size 1 1) (thickness 0.15)))
    )
    (fp_text value 100n (at 0 1.65 90) (layer F.Fab)
      (effects (font (size 1 1) (thickness 0.15)))
    )
    (fp_line (start -1 0.6) (end -1 -0.6) (layer F.Fab) (width 0.1))
    (fp_line (start -1 -0.6) (end 1 -0.6) (layer F.Fab) (width 0.1))
    (fp_line (start 1 -0.6) (end 1 0.6) (layer F.Fab) (width 0.1))
    (fp_line (start 1 0.6) (end -1 0.6) (layer F.Fab) (width 0.1))
    (fp_line (start -0.261252 -0.71) (end 0.261252 -0.71) (layer F.SilkS) (width 0.12))
    (fp_line (start -0.261252 0.71) (end 0.261252 0.71) (layer F.SilkS) (width 0.12))
    (fp_line (start -1.85 0.95) (end -1.85 -0.95) (layer F.CrtYd) (width 0.05))
    (fp_line (start -1.85 -0.95) (end 1.85 -0.95) (layer F.CrtYd) (width 0.05))
    (fp_line (start 1.85 -0.95) (end 1.85 0.95) (layer F.CrtYd) (width 0.05))
    (fp_line (start 1.85 0.95) (end -1.85 0.95) (layer F.CrtYd) (width 0.05))
    (fp_text user %R (at 0 0 90) (layer F.Fab)
      (effects (font (size 0.5 0.5) (thickness 0.08)))
    )
    (pad 1 smd roundrect (at -1.025 0 270) (size 1.15 1.4) (layers F.Cu F.Paste F.Mask) (roundrect_rratio 0.217391)
      (net 4 /VCC))
    (pad 2 smd roundrect (at 1.025 0 270) (size 1.15 1.4) (layers F.Cu F.Paste F.Mask) (roundrect_rratio 0.217391)
      (net 5 /GND))
    (model ${KISYS3DMOD}/Capacitor_SMD.3dshapes/C_0805_2012Metric.wrl
      (at (xyz 0 0 0))
      (scale (xyz 1 1 1))
      (rotate (xyz 0 0 0))
    )
  )

  (module Connector_PinHeader_2.54mm:PinHeader_1x03_P2.54mm_Vertical (layer F.Cu) (tedit 59FED5CC) (tstamp 5DC8CC56)
    (at 66.6174 43.19016 180)
    (descr "Through hole straight pin header, 1x03, 2.54mm pitch, single row")
    (tags "Through hole pin header THT 1x03 2.54mm single row")
    (path /5DB1E4F3)
    (fp_text reference J1 (at 0.0762 -2.1844) (layer F.SilkS)
      (effects (font (size 1 1) (thickness 0.15)))
    )
    (fp_text value Conn_01x03 (at 0 7.41) (layer F.Fab)
      (effects (font (size 1 1) (thickness 0.15)))
    )
    (fp_line (start -0.635 -1.27) (end 1.27 -1.27) (layer F.Fab) (width 0.1))
    (fp_line (start 1.27 -1.27) (end 1.27 6.35) (layer F.Fab) (width 0.1))
    (fp_line (start 1.27 6.35) (end -1.27 6.35) (layer F.Fab) (width 0.1))
    (fp_line (start -1.27 6.35) (end -1.27 -0.635) (layer F.Fab) (width 0.1))
    (fp_line (start -1.27 -0.635) (end -0.635 -1.27) (layer F.Fab) (width 0.1))
    (fp_line (start -1.33 6.41) (end 1.33 6.41) (layer F.SilkS) (width 0.12))
    (fp_line (start -1.33 1.27) (end -1.33 6.41) (layer F.SilkS) (width 0.12))
    (fp_line (start 1.33 1.27) (end 1.33 6.41) (layer F.SilkS) (width 0.12))
    (fp_line (start -1.33 1.27) (end 1.33 1.27) (layer F.SilkS) (width 0.12))
    (fp_line (start -1.33 0) (end -1.33 -1.33) (layer F.SilkS) (width 0.12))
    (fp_line (start -1.33 -1.33) (end 0 -1.33) (layer F.SilkS) (width 0.12))
    (fp_line (start -1.8 -1.8) (end -1.8 6.85) (layer F.CrtYd) (width 0.05))
    (fp_line (start -1.8 6.85) (end 1.8 6.85) (layer F.CrtYd) (width 0.05))
    (fp_line (start 1.8 6.85) (end 1.8 -1.8) (layer F.CrtYd) (width 0.05))
    (fp_line (start 1.8 -1.8) (end -1.8 -1.8) (layer F.CrtYd) (width 0.05))
    (fp_text user %R (at 0 2.54 90) (layer F.Fab)
      (effects (font (size 1 1) (thickness 0.15)))
    )
    (pad 1 thru_hole rect (at 0 0 180) (size 1.7 1.7) (drill 1) (layers *.Cu *.Mask)
      (net 1 /GPIO22))
    (pad 2 thru_hole oval (at 0 2.54 180) (size 1.7 1.7) (drill 1) (layers *.Cu *.Mask)
      (net 2 /GPIO20))
    (pad 3 thru_hole oval (at 0 5.08 180) (size 1.7 1.7) (drill 1) (layers *.Cu *.Mask)
      (net 3 /GPIO0))
    (model ${KISYS3DMOD}/Connector_PinHeader_2.54mm.3dshapes/PinHeader_1x03_P2.54mm_Vertical.wrl
      (at (xyz 0 0 0))
      (scale (xyz 1 1 1))
      (rotate (xyz 0 0 0))
    )
  )

  (module Connector_PinSocket_2.54mm:PinSocket_2x05_P2.54mm_Horizontal locked (layer F.Cu) (tedit 5A19A422) (tstamp 5DC8CCDC)
    (at 40.8618 34.37636)
    (descr "Through hole angled socket strip, 2x05, 2.54mm pitch, 8.51mm socket length, double cols (from Kicad 4.0.7), script generated")
    (tags "Through hole angled socket strip THT 2x05 2.54mm double row")
    (path /5DB26BD3)
    (fp_text reference J3 (at -8.382 -2.0574) (layer F.SilkS)
      (effects (font (size 1 1) (thickness 0.15)))
    )
    (fp_text value Conn_02x05_Odd_Even (at -5.65 12.93) (layer F.Fab)
      (effects (font (size 1 1) (thickness 0.15)))
    )
    (fp_line (start -12.57 -1.27) (end -5.03 -1.27) (layer F.Fab) (width 0.1))
    (fp_line (start -5.03 -1.27) (end -4.06 -0.3) (layer F.Fab) (width 0.1))
    (fp_line (start -4.06 -0.3) (end -4.06 11.43) (layer F.Fab) (width 0.1))
    (fp_line (start -4.06 11.43) (end -12.57 11.43) (layer F.Fab) (width 0.1))
    (fp_line (start -12.57 11.43) (end -12.57 -1.27) (layer F.Fab) (width 0.1))
    (fp_line (start 0 -0.3) (end -4.06 -0.3) (layer F.Fab) (width 0.1))
    (fp_line (start -4.06 0.3) (end 0 0.3) (layer F.Fab) (width 0.1))
    (fp_line (start 0 0.3) (end 0 -0.3) (layer F.Fab) (width 0.1))
    (fp_line (start 0 2.24) (end -4.06 2.24) (layer F.Fab) (width 0.1))
    (fp_line (start -4.06 2.84) (end 0 2.84) (layer F.Fab) (width 0.1))
    (fp_line (start 0 2.84) (end 0 2.24) (layer F.Fab) (width 0.1))
    (fp_line (start 0 4.78) (end -4.06 4.78) (layer F.Fab) (width 0.1))
    (fp_line (start -4.06 5.38) (end 0 5.38) (layer F.Fab) (width 0.1))
    (fp_line (start 0 5.38) (end 0 4.78) (layer F.Fab) (width 0.1))
    (fp_line (start 0 7.32) (end -4.06 7.32) (layer F.Fab) (width 0.1))
    (fp_line (start -4.06 7.92) (end 0 7.92) (layer F.Fab) (width 0.1))
    (fp_line (start 0 7.92) (end 0 7.32) (layer F.Fab) (width 0.1))
    (fp_line (start 0 9.86) (end -4.06 9.86) (layer F.Fab) (width 0.1))
    (fp_line (start -4.06 10.46) (end 0 10.46) (layer F.Fab) (width 0.1))
    (fp_line (start 0 10.46) (end 0 9.86) (layer F.Fab) (width 0.1))
    (fp_line (start -12.63 -1.21) (end -4 -1.21) (layer F.SilkS) (width 0.12))
    (fp_line (start -12.63 -1.091905) (end -4 -1.091905) (layer F.SilkS) (width 0.12))
    (fp_line (start -12.63 -0.97381) (end -4 -0.97381) (layer F.SilkS) (width 0.12))
    (fp_line (start -12.63 -0.855715) (end -4 -0.855715) (layer F.SilkS) (width 0.12))
    (fp_line (start -12.63 -0.73762) (end -4 -0.73762) (layer F.SilkS) (width 0.12))
